-12.11,-10.19
-12.11,-10.19
-12.11,-10.19
-12.11,-10.19
-12.11,-10.19
-12.11,-10.19
-12.11,-10.19
-12.11,-10.19
-12.11,-10.19
-12.11,-10.19
-12.11,-10.19
-12.11,-10.19
-12.11,-10.19
-12.11,-10.19
-12.11,-10.19
-12.11,-10.19
-12.11,-10.19
-12.11,-10.19
-12.11,-10.19
-12.11,-10.19
-12.11,-10.19
-12.11,-10.19
-12.11,-10.19
-12.11,-10.19
-12.11,-10.19
-12.11,-10.19
-12.11,-10.19
-12.11,-10.19
-12.11,-10.19
-12.11,-10.19
-12.11,-10.19
-12.11,-10.19
-12.11,-10.19
-12.11,-10.19
-12.11,-10.19
-12.11,-10.19
-12.11,-10.19
-12.11,-10.19
-12.11,-10.18
-12.11,-10.22